10 0.3298083058 0.3339764188
20 0.3403792982 0.3469408523
30 0.3299720951 0.3525157722
40 0.3138926921 0.3530784220
50 0.3254542631 0.3945173965
60 0.3306473101 0.4267105649
70 0.3201300610 0.4424870364
80 0.3135992565 0.4564355380
90 0.3311184432 0.4933491013
100 0.3210771135 0.5025676591
110 0.3202364399 0.5251028732
120 0.3147694928 0.5676004529
130 0.3158994975 0.5977869167
140 0.3255544296 0.6161476773
150 0.3327336000 0.6531686874
160 0.3216910722 0.6288376970
170 0.3331208957 0.6457523145
180 0.3248168502 0.6517770201
190 0.3313692000 0.6436382290
200 0.3240128683 0.6338152734
210 0.3307157365 0.6308849826
220 0.3267371827 0.6400588315
230 0.3291493244 0.6277950087
240 0.3261051408 0.6263040439
250 0.3134114298 0.6112354207
260 0.3278871182 0.6189857623
270 0.3259503624 0.6212897881
280 0.3257473905 0.6267402208
290 0.3225557327 0.6047964484
300 0.3246975910 0.6097935314
310 0.3292446967 0.6204082171
320 0.3222956065 0.5958778046
330 0.3107969503 0.5894791629
340 0.3198758316 0.5984867301
350 0.3371851371 0.6133343393
360 0.3060146903 0.5836023389
370 0.3216848202 0.5986145587
380 0.3214241772 0.5951077577
390 0.3169861299 0.5972083701
